    0  0000
    1  0001
    2  0010
    3  0011
    4  0100
    5  0101
    6  0110
    7  0111
-8  8  1000
-7  9  1001           -3  1101
-6  10 1010           -3  1101
-5  11 1011         +    11 1 
-4  12 1100        --------------
-3  13 1101               1010
-2  14 1110 + 1 = 1111  ? + 1 = -1
-1  15 1111 + 1 = 0000  ? + 1 = 0

10  16      2
0   00  0000 0000
1   01  0000 0001
2   02  0000 0010
3   03  0000 0011
4   04  0000 0100
5   05  0000 0101
6   06  0000 0110
7   07  0000 0111
8   08  0000 1000
9   09  0000 1001
10  0a  0000 1010
11  0b  0000 1011
12  0c  0000 1100
13  0d  0000 1101
14  0e  0000 1110
15  0f  0000 1111
16  10  0001 0000
17  11  0001 0001
18  12  0001 0010
...
65  41  0100 0001
66  42  0100 0010
...
192 c0  1100 0000
193 c1  1100 0001
...
255 ff  1111 1111